index,bg_index,category,fg_index
0,15,Chair,"[  206  3206 27610  5511 33431 10444 10809 19349  5998  4325 61563 28061
 17727 22095  9501 27152 27577  4444 34970 24589 53382 48924 11638 20416
 88178 97743 26707 42414 85071 71519]"
1,38,Chair,"[ 2657 19103  2875 16490 23259 31546 16661 13198 14297 11934 20794  3143
 20197  2546 24262  2564 35213  6252 17103  5434 18582 83785   151 94669
  8059 38585 12787 60916 49274 94046]"
2,76,Chair,"[14040 11466 32187  6170 15780  9959 15966 26954 31893 18578 54687 27200
 86465 81249  7852 49471  9957 25503 10814 27608 21014 88945 48102 23761
 13171 82105  4459  2095 37289 64758]"
3,92,Chair,"[12158 29889  2901  5512  7055 24210 10896 12783 11624 34319 79856 22945
  4203 93341 92673 48078 59380 91239 61563 59813 94951 93068 24062 95484
 90380 95219 25060 21602 88145  3479]"
4,103,Chair,"[33849 12826 19990 13940 28659 12355 81672 21243  1516 60345 50312 61659
 82090 93437   867 63625 79856 95403 18518 85975 16355 56548 62697 60794
 85770 12967 21312 62643 83064 74618]"
5,109,Chair,"[ 3206  5511   206  5998 10809 14665 29117 32412 10444 29988 94181 93695
 10778 92087 24369 24591  6940 28429 68435 12817 92634 82224 13691 25317
 91556 51005 90513 56096 21306 30388]"
6,87,Couch,"[ 7302 33053 27871 10432 31790 28798 35088 28091 19339 33935 30192 12541
 74662 34552 42019 42884 34209 71104 40208 26813  4517 70657 41215 42238
 38875 81632  3885 98625 35012 69365]"
7,106,Couch,"[31349 25293 32596  7641 25330 14987 29473 18330 30185 11792 24905  7254
 10718 25829 28369 28048 12594  4647 15219 31390 69834 51927 74318  9275
 23447 84869 11307 37680 16819  1960]"
8,129,Couch,"[ 4819 10526 71983 30571 33667 14746 11276 33448 32874  4114 29369  3975
 11718 11530 16779 20849  4271 39466 34156 14277 88414 65043 82161 98737
 41736 43112 66761 65980 40760 69376]"
9,147,Couch,"[19339  7302 28091 33053 38852 18205 18408   696  8086 35088 21919 42332
 19938 37911 69689 36491 68269  4268 74110 30797 70284 33622 66083 40958
 15855 63458 18640  8331 66346 28534]"
10,187,Couch,"[31960 19518 28926  6617 34860 10785 36648 33550 20928 11203 65683 66215
 64241 65450 65475 64060 64370 27421 63940 66212 74258 83157 41215 70433
 12564 97020 28396 97022 73523 28809]"
11,273,Couch,"[ 7302 28091 33053 19339 27871 10432 31790 28798 33935 32492   710 67182
   960 29959 67120 18361 35404 29332  7926 12308 97140 41356 68763 36510
 41379 68560 18488 70834 41301 29218]"
12,25,Bed,"[ 5356 16440 25712 34897 10617 34931 18078 34400  7368 29376 32288 25902
  8661 33251 20055 30237   918 30019 31969 17419 12619 45609 89656 27053
 69652 40393 12608 44157 25783 75254]"
13,33,Bed,"[29509 23007 22299 26337  5211 41279 40987 35225 34906 32122 14562 67616
 16408 17397 39239 16337 34059 35048 35838   290 77797 12413 76501 27038
 17287  4039 42367 75632 65087 75916]"
14,157,Bed,"[ 9420 12657 27035  3769 35021  8110 10828 71738 38894  1016 26337 46302
 17255 10594 28245 35838 67616  8686 21957 21198 33076 75329 18363 43527
 44799 26348 86061 12620 77124 78641]"
15,290,Bed,"[23007 29509 40987 35225 41279 26337 22299 16868 14747 79260  4799   290
 22450  1296 18409 17941  7343 27060 46333   758 71552   748 67191 18828
 12659 28744 26981 25784 35603 44368]"
16,434,Bed,"[16929 75817 44555 33204 44771  8231 31001 45003 20745 29568 17308 34959
 23672 27447 17217  9999  9796 46501  6021 76018 44332 34895 44366 78082
   720 75966 55981 21087 74269 75720]"
17,438,Bed,"[16929 33204 21164  8231 45003 44555 13011   434 75817 31001 30019 75884
  5273 77388 31394 17947 24930 44607 47276 35018 47903 76048 44136 65499
 66547 43650 36389 43173 44794  4746]"
