index,bg_index,category,fg_index
0,15,Chair,[ 10048 10125 10258 10732 10809 10896 11120 11190 1113 11287 ]
1,76,Chair,[12826 12911 13179 13477 13478 13940 13973 13996 14040 4058 ]
2,92,Chair,[14157 14467 14536 14709 1490 14928 15190 15485 15777 15966 ]
3,180,Chair,[15967 15988 16072 16194 16341 16291 17153 17159 163 16566 ]
4,287,Chair,[ 16599 16725 17320 17331 17859 17999 18154 18398 180 18546 ]
5,106,Couch,[ 11075 11122 11203 11276 11292 11305 11337 11363 11443 11450 ]
6,129,Couch,[ 11507 11564 11677 11718 11792 11813 11838 11918 11924 12142 ]
7,147,Couch,[ 12475 12594 12607 12892 129 12940 12990 13147 13739 147 ]
8,187,Couch,[ 14706 14987 15312 15340 15371 15603 15754 1667 16720 16738 ]
9,273,Couch,[ 16795 16811 16817 16997 1707 17386 17426 17747 17753 18181 ]
10,25,Bed,[ 10021 1029 10471 10617 10995 11046 1122 11765 11582 1203 ]
11,33,Bed,[ 12113 12189 12225 12421 12435 1248 12491 1250 12588 12584 ]
12,290,Bed,[ 14747 14804 15034 1505 1547 15601 15644 15688 15923 16440 ]
13,874,Bed,[ 16868 16929 17038 17225 17312 17397 17587 17668 20279 17244 ]
14,438,Bed,[ 1783 1784 18044 18886 19044 19086 19125 19722 2002 20288 ]
